Genes	Bin_1	Bin_2	Bin_3	Bin_4	Bin_5	Bin_6	Bin_7	Bin_8	Bin_10
A1BG	0.07786029379082367	0.08387639726819432	0.09894851462053952	0.10547734304581673	0.11784661861267827	0.10907999920082062	0.12380344017083163	0.1604897731174744	0.12261762017282093
A1CF	0.10471798128037921	0.10338002066756957	0.11429927993314395	0.1003310122644908	0.11305982491541673	0.10789607983620284	0.10570451588108414	0.11807458056416638	0.13253670465754636
A2M	0.10326287839908516	0.08890703416327364	0.10472631165976173	0.1489658963383965	0.11304011131208971	0.10843769278421174	0.113804828468201	0.11418808856598699	0.10466715830899362
A2ML1	0.07156605530275086	0.10517721240184102	0.1738908196323958	0.03197964602762275	0.10182611800315841	0.11427982240920748	0.10035585625177874	0.16707911746545764	0.13384535250578727
AAAS	0.09632730184508512	0.09896050894765736	0.10396809505410752	0.1126411115528921	0.12150369327913708	0.11166804573692489	0.11200732282533453	0.10582795110854819	0.1370959696503132
AACS	0.09768776517268896	0.09928358573804921	0.11320665066160863	0.10455588822333688	0.1047304953766942	0.12056401637255551	0.10565072034657387	0.11830307029363414	0.13601780781485856
AADAC	0.10324083832753224	0.10680657003163511	0.09945306287738795	0.102406390981974	0.12095439618560219	0.11852632817979138	0.1013953378441667	0.14046186492254248	0.10675521064936794
AADAT	0.14760577775575187	0.13113036447162243	0.11799101316869125	0.13328794583362116	0.09404418328489822	0.08514262684980688	0.1009653481243037	0.0944693985316753	0.09536334197962916
AAMDC	0.1280757490324807	0.11059088089221214	0.11177446903092614	0.09947772927905449	0.12635062901830593	0.1101466499658953	0.10343830626088941	0.13377983880150918	0.07636574771872674
AAMP	0.13920437398663751	0.11681932613691581	0.10483904195421108	0.10474930709485361	0.10066134313872087	0.10507076531734776	0.10747431876830668	0.09631032835053424	0.12487119525247249
AARS1	0.11570865255398784	0.11940760938204377	0.11661816671529503	0.09349675898732239	0.10993038315490189	0.11294859351162381	0.1007500041756615	0.1137190309296529	0.11742080058951093
AARS2	0.08942841941506627	0.09410012114604466	0.10290550632150754	0.14008003928702636	0.11300131610798222	0.10562160968516335	0.12403485382020642	0.10159585815282823	0.12923227606417495
AARSD1	0.11115606688644666	0.11549573083982702	0.11355487041365779	0.10785908488286684	0.10952511378410057	0.10246296058585046	0.10396838199428665	0.1149184884515028	0.12105930216146123
AASDHPPT	0.11481410795074387	0.1091083612447107	0.10847137859970063	0.10370033204772298	0.11473835881736444	0.10292605473446093	0.11324370365754191	0.10883662868086101	0.12416107426689352
AASS	0.1767829275561144	0.102400882463668	0.10803697102266954	0.1922185425320328	0.08918081912683781	0.08199953710194978	0.09909201339906473	0.08298497194928962	0.0673033348483733
AATF	0.10815141827838926	0.11148099778752932	0.11838217698994183	0.09549127309709111	0.10171023682030948	0.11066572888396183	0.11161682858563912	0.17003313594324077	0.07246820361389729
ABAT	0.13789604158644506	0.10331902398162411	0.10868207722687305	0.14905854655854694	0.10425000033175957	0.09977409842979258	0.10602885748673296	0.08667878821896238	0.1043125661792634
ABCA1	0.11546063715989613	0.11413402972042956	0.1206861069278526	0.09977199341292659	0.11870625766607212	0.10445409041342442	0.10030190887267827	0.10178874917329742	0.12469622665342288
ABCA2	0.10963665233136531	0.11342570721527753	0.11190746705587008	0.13104287168447198	0.1281583939056172	0.1264967898499513	0.11099877295430678	0.07569743442320365	0.09263591057993621
ABCA6	0.15378979869328133	0.11703420819804608	0.11283354701675859	0.12565009656445378	0.10507157294312797	0.09643606030834943	0.1047715431752426	0.08148282443174829	0.10293034866899198
ABCA8	0.12963769083623772	0.11725336568111944	0.10524014748976834	0.10177310551646747	0.1032358815934521	0.1105782673891095	0.112830524279892	0.10623069191001294	0.11322032530394054
ABCB1	0.11467293797837418	0.1167908873436568	0.10850682801722808	0.11100816100862261	0.11376582064456746	0.10959178940413618	0.10288762611909581	0.10214735687335647	0.1206285926109625
ABCB10	0.08292912162649034	0.0940112338612424	0.10354101093011772	0.20485296347647122	0.09692373683871464	0.08623383669429438	0.13191082266131585	0.08802907425106114	0.11156819966029234
ABCB11	0.12763057113769508	0.12481096774279571	0.11987128566192765	0.11497496059461566	0.11705704920026382	0.10716262900135048	0.07707650018575776	0.11300604312847709	0.0984099933471168
ABCB4	0.1384708663365884	0.1171210843027794	0.09931785366498214	0.10294201024389336	0.10735390037575006	0.11552352669091442	0.09637770182638439	0.1005680767525062	0.12232497980620165
ABCB5	0.1092632218597278	0.12110047238581831	0.12595619693246662	0.08673633829490908	0.14991280537415072	0.08187057628312212	0.09695548318716232	0.0925683240880559	0.13563658159458722
ABCB6	0.09507567108107143	0.11491346119712965	0.1054249891299069	0.07593303846000997	0.11506928767017417	0.10564234548929669	0.11601595870257046	0.11368975154424546	0.15823549672559534
ABCB7	0.09761630144545524	0.10206183564636089	0.1015446078872734	0.1711536855851185	0.10680124517598404	0.10757880707004691	0.129552528295778	0.08578890191852338	0.0979020869754596
ABCB8	0.0916905765989024	0.1026642269999433	0.10331852775945981	0.1521328722032782	0.10815124499363803	0.10673529440881097	0.11610483264094829	0.09178433454079332	0.12741808985422579
ABCC2	0.10470068771642253	0.11734331990969867	0.12076481631159756	0.10732046477477294	0.11199640625433298	0.10626986962670727	0.10702901092254141	0.11127453271716496	0.11330089176676171
ABCC3	0.10266925459652823	0.10914368401781245	0.10978676707198283	0.1142770714359541	0.10630722112214507	0.11813880302848107	0.11200238376113525	0.12022865745290376	0.10744615751305733
ABCC4	0.08743165456047712	0.12004913822580848	0.10536562487354276	0.13518946295413076	0.11214872051952815	0.08653955075145048	0.11227254314746463	0.12001147494615279	0.12099183002144488
ABCC6	0.11162098561133535	0.1151033402439011	0.1142855462710228	0.10844277782965563	0.11292509037450062	0.10845159492711384	0.1029334626655281	0.11937066461118308	0.10686653746575951
ABCD1	0.08075242484655971	0.10355955043470615	0.10524289195442274	0.11181613012649429	0.1164923570461258	0.11591091985452714	0.11670986260967085	0.12663368962011404	0.1228821735073793
ABCD3	0.08475552049461842	0.1008503615944323	0.11216848990322699	0.14119947893512724	0.10083562411882348	0.09547298015686101	0.12191997653756582	0.09869178603711885	0.14410578222222586
ABCD4	0.10244685228772166	0.10341015238048067	0.1155533189568096	0.07860617866568384	0.12390799024167788	0.10902939624024635	0.11494942987491862	0.12550990149347632	0.1265867798589851
ABCE1	0.10810112836758154	0.1098970194555174	0.1088496013068292	0.10583210660154624	0.10986442855799473	0.10967874071469902	0.11272661426511105	0.11090295111975582	0.12414740961096495
ABCF1	0.11224108780240577	0.1048311828536123	0.10596676095132493	0.10083541134234426	0.10988797334753778	0.11292468688241165	0.11972767043495541	0.10948354694500115	0.12410167944040673
ABCF2	0.12652498066644677	0.12461765047527656	0.0961819507621659	0.10398140436555489	0.10913430925286935	0.13334166934181785	0.10265075826488146	0.13192109215156686	0.07164618471942037
ABCF3	0.11799763354751977	0.1103135732415809	0.1164788375345229	0.09551024496946302	0.11224760204849289	0.11273490797737815	0.10424938582277916	0.11776268766961144	0.11270512718865175
ABCG5	0.12231225625592423	0.10944449657044324	0.08609821801066264	0.0732044943898318	0.12282125153970985	0.10176637379464205	0.11868052500826572	0.14477494688772133	0.12089743754279914
ABCG8	0.1112587446054384	0.10878904242845207	0.09132326866959539	0.09125494959992245	0.11506199700961642	0.12149489498269689	0.10482736265300305	0.14155981221637154	0.11442992783490381
ABHD10	0.09896309698204278	0.10187674023539708	0.11500124106029495	0.18273908666886596	0.09689156138206294	0.10589834663085664	0.10894200349748097	0.09190077270309263	0.09778715083990598
ABHD11	0.10097071469817966	0.11084317317101372	0.12262689415423561	0.13076155593917996	0.11154985700578593	0.10947881097328625	0.11516362253646785	0.1064138551110714	0.09219151641077965
ABHD12	0.09273543703023103	0.10743629585792461	0.11113897128432974	0.11217713854123987	0.11254922052471583	0.09664237687004518	0.11073678551007717	0.12059475318681546	0.13598902119462114
ABHD14B	0.13251406817670966	0.1201652507943059	0.11841063482973972	0.10370096164205182	0.10122364679884889	0.10962985392642798	0.09852718303538623	0.1035824445793521	0.11224595621717767
ABHD15	0.11834793857127097	0.08421220316888252	0.10185231386009434	0.12012134276569406	0.10525491708153242	0.1145608707511692	0.10707132656838626	0.10181526937094383	0.14676381786202639
ABHD16A	0.09922569173114117	0.10176808188698712	0.10553421342830041	0.1249913647100198	0.11223410174804292	0.11254307348857963	0.1225388941344133	0.11883168051553661	0.10233289835697909
ABHD2	0.0961641872782183	0.10016552317317866	0.09738897170366702	0.08935294428480818	0.0799220519563108	0.10583146301233418	0.13816844800388964	0.07749935969239623	0.21550705089519692
ABHD3	0.09721633586624483	0.10474060390753218	0.10260212069371748	0.10787408977074373	0.10502798112788854	0.09629514979977878	0.10548269407853374	0.1070191871653864	0.17374183759017436
ABHD4	0.06583507334193116	0.10234155902213422	0.11833389470933549	0.07989407270886703	0.10917572289076784	0.12308874562897477	0.1126941017817677	0.1425438421667874	0.14609298774943444
ABHD5	0.07230390599852154	0.08797778531024318	0.10809368260229305	0.09439039723805759	0.10988502192263315	0.1099830482098422	0.14447223909716742	0.12146991882844603	0.15142400079279583
ABHD6	0.09704803367370506	0.09728532014137967	0.10289735081939047	0.1014546649637703	0.10453478156008184	0.10326413333937269	0.12862091114492855	0.12516978439562199	0.13972501996174946
ABI1	0.1137621605117169	0.10684071096749079	0.10593900315360447	0.12285208558239137	0.10018189095796028	0.09516977725751914	0.1199109479746444	0.10915390307222288	0.1261895205224498
ABI3	0.1468993378941173	0.10207847846755698	0.10013925178815555	0.10220653571095725	0.08903859536146068	0.10207269965160626	0.09367846340795029	0.17074647187685527	0.09314016584134041
ABITRAM	0.08993880866268178	0.10362017073816414	0.11862074794138928	0.10211090546594383	0.11187635959518365	0.12098992462853493	0.08047219584349583	0.15895003868311736	0.11342084844148917
ABLIM1	0.10739216394231621	0.12507128559423708	0.10343513111641704	0.09260252825829318	0.11110355997636051	0.11101181159638931	0.10126685101135088	0.14630587108559506	0.10181079741904074
ABLIM3	0.11702846633245716	0.1162228481857211	0.10749327699393331	0.11377414933296069	0.10787444208712353	0.10987606057133052	0.10250238247765699	0.11448241409039997	0.11074595992841671
ABR	0.11267115512336098	0.14490266887820502	0.11229750327801609	0.12602904116256516	0.1053218760680991	0.09637746941964553	0.05773302991214185	0.14804503024347251	0.09662222591449372
ABRAXAS2	0.12414637924105275	0.1175583253841772	0.12195676011580758	0.11672280999299052	0.1157950119278111	0.10684684256320205	0.107197587243659	0.09728473417516564	0.09249154935613413
ACAA1	0.09258187843976995	0.1091186921908019	0.11344237841451306	0.13316424044416195	0.1064761726072072	0.11028879167179564	0.12387027676606498	0.10171102465175035	0.10934654481393495
ACAA2	0.11497936547049388	0.10842832243155201	0.1242473968472707	0.13822399124721152	0.10800057815043056	0.10189771834022048	0.10738332103823771	0.10055174908917369	0.09628755738540944
ACACA	0.13063709935555498	0.10537036409940391	0.09997091189853262	0.11432446876643644	0.09876478832293817	0.11066447935493297	0.10543480991279358	0.09572076075899416	0.13911231753041317
ACACB	0.1218362059514335	0.10930072304720806	0.1155306420494602	0.10460171263986769	0.11052760723931596	0.1035611572718685	0.10347750994451396	0.12010130565205908	0.11106313620427312
ACAD10	0.10487807412710522	0.1206740437672003	0.1237083869967752	0.12020457824371808	0.11248579710719135	0.11121945566883588	0.11352587070014743	0.1016231238125582	0.09168066957646832
ACAD11	0.08766391417545175	0.10244117184610317	0.11616696704351813	0.13456112328376782	0.108373755921859	0.09459136991363265	0.12145096100544406	0.10435851225765921	0.13039222455256413
ACAD8	0.10827473400102966	0.11541403714848708	0.12078855982115637	0.12457689186443659	0.10918274749024019	0.11542654005157668	0.10311772485532857	0.11711920394004983	0.08609956082769508
ACAD9	0.10527086043384751	0.10723492270657926	0.11839530723274264	0.1741794320649961	0.10217437789914657	0.10400086911531786	0.11211640746172413	0.10040003241924347	0.07622779066640253
ACADL	0.08968590358665857	0.09895123030859382	0.12686090946629497	0.21250573054957675	0.11961452713405332	0.09662544854198662	0.09947878578610105	0.10444901234091188	0.051828452285823084
ACADM	0.10913231812919238	0.10890000005550592	0.10699539074281815	0.1809010538960992	0.10517957119073656	0.10233380305608332	0.10033282467346995	0.1013438446175321	0.08488119363856243
ACADS	0.10017851061805333	0.09875617857797947	0.11661483176886707	0.1806574385894118	0.10128713700269534	0.09608874295681492	0.1026074227844781	0.10270802864559497	0.10110170905610495
ACADSB	0.1357855487759564	0.08222989904158488	0.12043736627712448	0.22309253413939534	0.06767873434080231	0.09121371639486839	0.12273901324145857	0.065262675696275	0.0915605120925347
ACADVL	0.10350491658001483	0.11093379193626077	0.11247120720543727	0.12293255980859466	0.10989776249324525	0.11576541840405899	0.10724475221990012	0.10416662922455211	0.11308296212793602
ACAP2	0.10831705058181951	0.10911606092699114	0.10281694384470781	0.10246525192283809	0.10806140536290562	0.10972123523010971	0.1243532112193755	0.13689207471424392	0.0982567661970087
ACAT1	0.12154591421610274	0.11842398781659187	0.11709829608590296	0.10560502596004412	0.11313491971659795	0.10453713864907363	0.11131947428034046	0.10681551718269064	0.10151972609265567
ACAT2	0.1646797789351973	0.11540532331270467	0.11648420944585436	0.13774548851134993	0.08617687760797102	0.10635996674338323	0.09781956692013885	0.08427368251196167	0.09105510601143889
ACBD3	0.11437621307374556	0.11014528192120893	0.11958310683849675	0.10274063200049338	0.11447159397889321	0.1190078514154125	0.10264731690891901	0.11489518501051127	0.10213281885231942
ACBD4	0.1167543595635901	0.10611481221635725	0.11143170851408317	0.11234418026691226	0.1081006291292834	0.11572907449200466	0.11619780108376637	0.11547576944227121	0.09785166529173159
ACBD5	0.09331212854528262	0.1015404236122122	0.1135412275244613	0.10380563285778016	0.11074403738090104	0.10356945982015699	0.12892126040525778	0.12018929732235607	0.12437653253159182
ACBD6	0.11621010497260643	0.10015473005795204	0.09645994120553676	0.11506398059878159	0.12160432487097186	0.1487303943720905	0.11441934418494011	0.14306589532924854	0.04429128440787222
ACE	0.1288998869582205	0.12386358105607839	0.11107487622707511	0.06566406730109609	0.11328655999099796	0.09759385386502664	0.10486792199167214	0.14674720406396577	0.10800204854586734
ACIN1	0.09372795042593529	0.11170228260667558	0.12037232812981194	0.09357724870441012	0.11413300300344613	0.13307736645335308	0.11517046238026853	0.111665867300322	0.1065734909957773
ACLY	0.11129887065430266	0.11095708483273062	0.11225693891756407	0.11999733474152248	0.10751699570471453	0.11195798565582384	0.1109712799645608	0.1002609980714701	0.11478251145731096
ACMSD	0.13813361199204757	0.12603395970594117	0.12030352900076148	0.11204027091259246	0.13272208419920645	0.11327471183497084	0.08431686184993885	0.12087426878056155	0.052300701723979666
ACO1	0.15304256999667262	0.11737885189367629	0.11608667835305951	0.10924317729562621	0.10618821085527876	0.10669625175459706	0.09533201107967558	0.09761986034833	0.09841238842308404
ACO2	0.09712666147498107	0.09377630001170442	0.12111459342851705	0.20380514364082572	0.08948491518417737	0.1036270144345847	0.11162092130511587	0.08847457229665162	0.09096987822344221
ACOT1	0.10420530912839314	0.10157629719568752	0.13260619460628115	0.11668097616430953	0.12699893864186212	0.11983787227611212	0.10531816576881073	0.09891555282313877	0.09386069339540501
ACOT11	0.09966249854069781	0.09735774546100476	0.12704360044954716	0.12345760990812182	0.08352076199075632	0.12247687250174259	0.1347277219297616	0.08969717857786207	0.1220560106405059
ACOT12	0.11456899453365653	0.12669128728341958	0.12162025324621711	0.1254080146141395	0.11387533195830787	0.10266585084906571	0.09885061541913176	0.10453399919076554	0.0917856529052964
ACOT13	0.10900945581297213	0.109049499480821	0.11730053317237271	0.13919182679830483	0.10469358978371092	0.10654941676705262	0.10781964449899224	0.10279821424395309	0.1035878194418205
ACOT2	0.10398343773067684	0.11016905507916692	0.1157445705351057	0.10741704343537105	0.11670000042507302	0.10908802043640062	0.1146802119641169	0.12053627853066416	0.10168138186342476
ACOT4	0.09232512033359108	0.0967714752693616	0.10069436240150761	0.08340270032702643	0.11064144807450502	0.11852126020441146	0.11962536794334502	0.11122045248328813	0.16679781296296364
ACOT7	0.1117068615611998	0.10930599107329705	0.10897311845881948	0.11347744134258721	0.09443372920242697	0.10980434904844853	0.11178074168598999	0.08615850859768406	0.15435925902954686
ACOT8	0.07047377692379625	0.09420854159749704	0.1062948677370265	0.12867192556897908	0.10661045442196786	0.11536068018339	0.1405123160262379	0.10116459588109189	0.13670284166001348
ACOT9	0.08834424927527053	0.10161587282129543	0.1120980356550536	0.17190817185785603	0.10337783538305464	0.105866281741845	0.11198045101577421	0.10233746812359316	0.10247163412625737
ACOX1	0.08980182347858746	0.10092031683547337	0.10693998233122368	0.13324803636776494	0.1001590283814701	0.09083470220583378	0.12784014952670783	0.09200907639427587	0.158246884478663
ACOX2	0.08116199395581511	0.09855904815483772	0.11249093546812054	0.1595753980495711	0.10025972253040305	0.09287491556578295	0.11909184164357291	0.10189158506004722	0.13409455957184943
ACOX3	0.0708929843282948	0.09654576236171393	0.10475168211429542	0.16730535226600848	0.11082580855878402	0.1023965229028683	0.11199094287073232	0.10195352690919147	0.13333741768811122
ACP1	0.1223153714993913	0.11341047076456631	0.10997757383595361	0.11780473474732654	0.11196223519414861	0.09930831174640847	0.12092721219803707	0.1092154893537922	0.09507860066037592
ACP2	0.09681125603875484	0.11276854507799954	0.09995738399235081	0.07524239377914914	0.10785962098604998	0.11705625487624048	0.11533756886697621	0.12918351462144195	0.14578346176103704
ACP6	0.10349470728288178	0.0962046412129722	0.09743896498355999	0.10786143180995562	0.12319000525701292	0.11026333617699148	0.13942922704495483	0.11478699019805934	0.10733069603361181
ACSF2	0.0859479374328947	0.10171367791335732	0.10485746711465854	0.11184073186643881	0.11031893205111963	0.0951008214540448	0.12427335994921891	0.1145983108880773	0.15134876133019004
ACSF3	0.09150907316633866	0.09848764138484388	0.10859979989890893	0.19904959166861055	0.0963780173779549	0.0988664186331019	0.10980356713154402	0.08894413977269089	0.1083617509660062
ACSL1	0.10636616960227958	0.10057402008321084	0.10212399250453845	0.18265316793075376	0.09772767265690366	0.10200810368503198	0.11515780345575223	0.09047784664811434	0.10291122343341515
ACSL3	0.10483297073733841	0.09928589065303098	0.10797771009353468	0.11183738158131773	0.1026706811518129	0.11131855647609595	0.11073323708705696	0.14344948304905564	0.10789408917075675
ACSL4	0.12000278738943132	0.09789595711065038	0.10272437466628913	0.04242050535766727	0.11165375258682712	0.12458756224336588	0.11126984513432514	0.14390959445468002	0.14553562105676374
ACSL5	0.12279881803350673	0.0995843333208317	0.09791283559089049	0.11067198711512832	0.09810230162368486	0.0996411332375434	0.11776423099812688	0.10641731757913774	0.14710704250114992
ACSL6	0.10006909153346162	0.10772235930873675	0.11894732461242019	0.14404023909775884	0.12935251429545655	0.09441906035435993	0.12748804854925114	0.10551239009633745	0.0724489721522176
ACSM2A	0.10062767605993977	0.10698945083308421	0.11705185709101602	0.13161850835222436	0.12357003892051635	0.09919961650210647	0.13164242703502466	0.11138102853044006	0.0779193966756481
ACSM2B	0.0988322051529136	0.10699708172153692	0.11358150627467796	0.13614597425198027	0.11044569130834521	0.10983183137814136	0.11126162062146165	0.1170277022914719	0.09587638699947112
ACSM3	0.12122786165664473	0.12041890996084907	0.11270215773232244	0.11993580651942813	0.10644614067303412	0.10423150236998216	0.10816449520420776	0.10489797614571832	0.10197514973781324
ACSM5	0.12011780164464295	0.11068767873028937	0.11250282344686302	0.13004613683474345	0.10323690481810656	0.09579732020196895	0.10732804789833028	0.09274584957352207	0.1275374368515333
ACSS1	0.07436256591044081	0.11022979949335292	0.10817243358202437	0.10582906630950778	0.10767014538095471	0.1182980339839018	0.12504113734531988	0.11658817420848247	0.1338086437860153
ACSS2	0.15068367914675218	0.10717918193814938	0.0976107383701398	0.12304217028066478	0.10032250154710165	0.10185414879324851	0.08583615931258966	0.07357085931883574	0.1599005612925183
ACSS3	0.0883972060199489	0.10391216096318559	0.1059120779340922	0.1440329115771063	0.1040779637705109	0.09822257968991592	0.12574993703730894	0.08979304278813395	0.13990212021979737
ACTA1	0.11981300129755819	0.11612984766743377	0.10560422839989032	0.12837873322161944	0.09232765879002902	0.0998785880761018	0.11484517456845991	0.11724260790471086	0.10578016007419667
ACTB;ACTG1	0.12273421437846473	0.11478534766997918	0.11514900517245573	0.1044741059783117	0.10660049806514098	0.10891212727329222	0.11393240319437045	0.11782295648189937	0.09558934178608565
ACTBL2	0.12627861197070106	0.13827885323961261	0.1124944772359744	0.09645384515322183	0.10196097633902462	0.12438319585290747	0.10135281096416367	0.07803581540326839	0.12076141384112588
ACTG2	0.11835937014956348	0.11729831784271266	0.1183146578756783	0.11258436335393732	0.11021655332113489	0.11195906458653128	0.09938896638633345	0.11324027220279273	0.09863843428131591
ACTL6A	0.11083212562253755	0.10955115803688281	0.10991980076770981	0.09407074098659611	0.099714756648976	0.11952526196287971	0.13702511850618632	0.10737342247481486	0.11198761499341678
ACTN1	0.12143127516614868	0.11336739337106008	0.11438228258087065	0.11769725247296398	0.11291201339512168	0.10540198845640944	0.10038755659626346	0.1197906845466552	0.09462955341450692
ACTN2	0.11779710958206643	0.11856283024388915	0.1190792117887753	0.10597239245418437	0.11930422871874656	0.09722333248917817	0.09041788521232563	0.1260595355236913	0.10558347398714303
ACTN3	0.11751861762537698	0.1128042971736216	0.10623646651237209	0.11774145393626766	0.12093919473270205	0.11452477658836228	0.09033659177375981	0.1104231321511916	0.10947546950634587
ACTN4	0.1176973536458775	0.11980805291180807	0.11033695750890096	0.1199504504079293	0.10735525234518437	0.10721546798008827	0.10630597613915492	0.11411744493229556	0.09721304412876099
ACTR10	0.11317328906134065	0.10646988327556403	0.10593544496381009	0.11859900389825505	0.10705250262045755	0.09711991709429346	0.12349863161649971	0.10561197544276947	0.1225393520270099
ACTR1A	0.12435418377258999	0.11591983755414702	0.11678134559065684	0.10970386121687357	0.10812995641778032	0.1093746627781316	0.10772046699547971	0.10157438857975037	0.10644129709459059
ACTR1B	0.11899757802392827	0.11316471629529483	0.11825616171388928	0.12509519008662937	0.10588246344593229	0.11113034414747419	0.10903535764849392	0.10066674594119006	0.09777144269716777
ACTR2	0.12771199298177138	0.11408628953956124	0.10397649650860095	0.11010510754479923	0.10651684684783935	0.10041896305223108	0.11116204429455115	0.13530558210678234	0.09071667712386323
ACTR3	0.12014463055810333	0.11296672497659989	0.11350953805463192	0.11012537373413767	0.10438720930072469	0.1058248467882967	0.10500923011637976	0.12612548252264022	0.10190696394848592
ACTR3B	0.0922802040595596	0.08883149787173765	0.06956000842083043	0.07688866553624818	0.08671881923943842	0.10124625540726942	0.1436101122294426	0.08871171568159823	0.2521527215538754
ACVR1	0.10752997170514797	0.11230027146299768	0.13216729899777077	0.11391791425556579	0.1294428323659642	0.102686873472545	0.12036771590583313	0.09136296932414134	0.09022415251003409
ACY1	0.1364495995155735	0.11121121658923094	0.12184651045920267	0.11397871382684462	0.10981217135509623	0.1108997781340072	0.1014068780165983	0.11098164497987113	0.08341348712357546
ACY3	0.1440086576039519	0.117762457451331	0.11126566910647964	0.10411757608709149	0.0875590304377976	0.10231532515866151	0.09711610147536023	0.11683410388563269	0.11902107879369392
ACYP1	0.10871175693169559	0.08669338289860948	0.10902113677554978	0.12509917186874286	0.08740346189875661	0.10405228134435221	0.12263366058210548	0.10553000403312213	0.15085514366706582
ACYP2	0.11095769895226136	0.10757043859354655	0.11157893718959427	0.11422579519639435	0.11408118881783291	0.11245947750844748	0.11718882441749011	0.08735371533246866	0.12458392399196432
ADA	0.10946208238611008	0.10588063630180207	0.09573706384906021	0.10174745105176035	0.10309666064894629	0.11050600218936019	0.14096780236085577	0.11109196107233503	0.12151034013977002
ADA2	0.12456064608814128	0.11764495309615443	0.11314981829764945	0.10938414616661847	0.10679008980998439	0.10237408476460287	0.11108944195381001	0.11143920490399903	0.10356761491904005
ADAL	0.10217051016920901	0.09823754550000309	0.1251247197130656	0.11062909197554589	0.16505886667623748	0.10604020190450623	0.1107792303711797	0.08356255305852618	0.09839728063172677
ADAM10	0.09745861997327951	0.09197626113240552	0.1144318859268691	0.10117924492628849	0.10642358905908061	0.10830708161068278	0.12412317250574931	0.11015369251703055	0.14594645234861411
ADAMTSL4	0.08678034199799914	0.08912159050282788	0.10403663252551673	0.1371459261894714	0.12532780588749587	0.10662610814576018	0.11856671258389266	0.12743679186115178	0.10495809030588428
ADAR	0.09891599877970195	0.1101498026671782	0.10145862366049538	0.11999240892409585	0.10540519004047239	0.12721119171354273	0.11125329399900043	0.09384103668609887	0.13177245352941422
ADCK1	0.08073907398265358	0.10856283145089222	0.11203781016948995	0.12761249259119567	0.1303420547774066	0.11184600408445539	0.09902130699148452	0.09370530193742245	0.13613312401499966
ADCK5	0.09946668669624455	0.10397542393726825	0.11481455034493233	0.1605908426799473	0.10934653460835045	0.09226195186330202	0.11484549790931775	0.11918894316588742	0.08550956879474987
ADD1	0.11536046804309881	0.11989986796388326	0.10400990072894817	0.08996896375935613	0.11355080317136199	0.1258017484305034	0.11418863211528671	0.12903982802058084	0.08817978776698063
ADD3	0.13311149465908712	0.12498906045111245	0.11060251125476547	0.09278583054619655	0.11005912748777512	0.11256944349405298	0.11309451750062045	0.10661867397867932	0.09616934062771057
ADGRE5	0.1151479098435218	0.10392569176332325	0.11241430713626398	0.13558640116960363	0.07816543570245342	0.15809450604790606	0.100845644772558	0.12224031990661714	0.07357978365775279
ADGRL2	0.12673099252285336	0.11981449020761825	0.10682873786644986	0.10982162264492755	0.10957664380779189	0.09515757976910678	0.1492033399525997	0.10718896301220042	0.07567763021645216
ADH1A	0.13179105551490528	0.11522869632634598	0.10017354503010543	0.09965735419248717	0.09813281888935603	0.10487451914125208	0.11525047361379781	0.0887171966403781	0.14617434065137208
ADH1B	0.1278368748110885	0.11350210811084602	0.1114954339986982	0.09794737345683538	0.10705229566593373	0.10269564703845824	0.10521879934836534	0.10492330796527179	0.1293281596045029
ADH1C	0.12408844241800619	0.11186734908500309	0.1159419758490903	0.11872048692014761	0.11391746144260155	0.1123553045852053	0.10159658377730932	0.09911664948464267	0.10239574643799394
ADH4	0.14686773315167542	0.1031013532414967	0.09797644499926221	0.133750797848949	0.07957254307024497	0.08570615713324771	0.12513323057562784	0.06928742994387106	0.15860431003562506
ADH5	0.12883170541159278	0.11135283451109686	0.11053528803140177	0.10961568468921698	0.10544422745361186	0.09994963271441376	0.11180631366926302	0.09434680136084293	0.12811751215856002
ADH6	0.14076728366381575	0.11124219271143755	0.10268565657938529	0.10482230941542812	0.09033528048075394	0.09179635787249897	0.10049598267575634	0.08846910545855084	0.16938583114237318
ADHFE1	0.10169970819754158	0.10250863488622992	0.1047272337943744	0.22049985206098832	0.09848874024784847	0.0936493839542629	0.10633197739359822	0.07885786236269327	0.0932366071024629
ADI1	0.1641244702164147	0.10599884992699686	0.10356934418607601	0.14723489359091152	0.09854979388498211	0.08957175279783905	0.10013641242297448	0.08527729033469106	0.10553719263911415
ADIPOQ	0.119505497911451	0.11298528106170198	0.11666997564536767	0.0936707342592364	0.07560082585826489	0.10002540149981799	0.11201262393863098	0.13848819005986784	0.13104146976566133
ADIRF	0.06341689424592402	0.12152339497787387	0.125833833193348	0.13257950263716223	0.11885931144608142	0.1395945773872228	0.10676248683423185	0.052167208166822625	0.1392627911113331
ADK	0.1324660366423185	0.12020184382166295	0.11067905091784852	0.10611590795836329	0.11094410256439001	0.10983875036894127	0.1054904286633114	0.10180900353703523	0.10245487552612884
ADNP	0.10994711242921573	0.09855686886378212	0.12265060855918339	0.11765490210836384	0.11497736848954171	0.11467062807291029	0.10158272646122406	0.09644199011412993	0.12351779490164891
ADPGK	0.10041036366706688	0.10033035686384578	0.09656471417814418	0.10483021599619802	0.12086581580875644	0.12605846860284994	0.11720023219817763	0.11733643596572685	0.11640339671923425
ADPRH	0.10524924406860783	0.10461363195109064	0.10248944497523918	0.09452539947159498	0.11349821813512075	0.09679925220465213	0.10690737216099575	0.12213845431966394	0.15377898271303475
ADPRS	0.10577699251700659	0.11096027081436798	0.11504851598345384	0.11443508938188167	0.1007446854544048	0.10308491716609677	0.11949774960528467	0.1183851412825549	0.11206663779494876
ADRM1	0.09546356990233665	0.1016119778174153	0.11414062093677453	0.10818215925853465	0.12743777185582608	0.12977606551543894	0.09901981022818462	0.12065398460869754	0.10371403987679173
ADSL	0.13377810692288009	0.11140946990663554	0.11552271842070123	0.11304154538677402	0.1179443954102089	0.11497265583388651	0.10351646584896791	0.09698611703310017	0.0928285252368456
ADSS1	0.1414175689685413	0.11589117563340197	0.11328425426855908	0.09536910022983866	0.10639214702089612	0.10162939461224108	0.10494999915136688	0.082018433582153	0.139047926533002
ADSS2	0.12209257671456727	0.11381361876267196	0.11341123266627187	0.11102250011432116	0.11095000674968654	0.10814660220405865	0.10551522168181142	0.11333611218225054	0.10171212892436063
AEBP1	0.0904167114266638	0.09148697592426187	0.11647825088575033	0.18773718085772628	0.09543938400894798	0.10240046904006381	0.09896575033263086	0.09100994302460727	0.1260653344993478
AFDN	0.11800341668538382	0.12487175381111303	0.11273786150918204	0.10115320104756038	0.1082207427664951	0.11025303607566544	0.10121629597378998	0.11677543424489424	0.106768257885916
AFG1L	0.08946272438182043	0.09900710519290426	0.09808235046978041	0.16410936181008678	0.09976769656363099	0.10030075480748081	0.1414783490111764	0.09055837020141452	0.1172332875617054
AFG3L2	0.09847341669802592	0.10054615285792101	0.10704604988600232	0.16380478923256125	0.10427718512644306	0.10508367514987746	0.11623338440761521	0.0949017328352294	0.10963361380632429
AFM	0.10146457090406882	0.08657768828022737	0.09301522699425828	0.1596616550331836	0.08965844988211394	0.09922345819174364	0.12445853055351391	0.08891284542080626	0.15702757474008427
AFMID	0.13663519899376472	0.11728342665614902	0.10787986762307172	0.08829508826435468	0.10750578135187587	0.10763400049117734	0.11129464389685152	0.11678767113043068	0.10668432159232442
AFTPH	0.09497067558647385	0.11992325792515111	0.10115453280982416	0.08713859795947028	0.14003592098891926	0.1609198228951409	0.11150361757279499	0.10286454144876392	0.08148903281346156
AGA	0.08303637366547421	0.09144996877827213	0.10528530285550534	0.0912652989861099	0.11851382123199543	0.11175559114162209	0.12233608955870344	0.12304619563400053	0.15331135814831692
AGAP3	0.11084878426016222	0.11180000918980586	0.11531051210391134	0.12669282515308772	0.10795440258427967	0.09771589417044389	0.10689682744255782	0.12907356439338497	0.09370718070236653
AGFG1	0.11123080010215602	0.11854675471010051	0.11601754031874556	0.09619468929773016	0.11545985202528196	0.10958224954885702	0.10375427043517788	0.11680794081162038	0.11240590275033044
AGFG2	0.1356815711789359	0.12061273191234273	0.10805987555350105	0.07271527324931071	0.10661045311067534	0.1219632260379437	0.1092799750422911	0.1275357729332607	0.09754112098173887
AGK	0.09951628971119984	0.09729442172255927	0.10876040613322174	0.17129935450873368	0.09790578699394421	0.09324595677580642	0.12373909073344669	0.10514192956447371	0.1030967638566144
AGL	0.13579523515016156	0.10277352933443226	0.10938993045111768	0.11402482614145756	0.11531076362662145	0.10188745831193591	0.10446451346097169	0.10496687910060114	0.1113868644227007
AGMAT	0.08596786128488867	0.09313713849851261	0.1150637414468189	0.16147403697202795	0.1022665407425853	0.10473774030095852	0.11903757744773255	0.10545193806638946	0.112863425240086
AGMO	0.10772313732240121	0.11671759503200563	0.10815557793794904	0.10903185982066041	0.11056858051446075	0.10325824338640073	0.13069060149703168	0.0927067216102625	0.12114768287882807
AGO1	0.11534196106681882	0.10994231923823755	0.11700383335589094	0.11609176579161562	0.11588816184949906	0.11695364637023692	0.11712012282350297	0.1033619468951399	0.08829624260905819
AGO2	0.10613697239934312	0.10429963067937952	0.10245272300231575	0.10874870176912418	0.11601058491437219	0.10874440031460733	0.12496411785567144	0.10810449715251773	0.12053837191266883
AGPAT1	0.10162341149704475	0.10819607370111475	0.1091192119795937	0.10944573766918946	0.11028289364680897	0.10932539276324646	0.12619557830499503	0.1116616785052293	0.11415002193277754
AGPAT2	0.12479181257217933	0.10882693328988023	0.10411184110510797	0.10604724057892315	0.10876962285310703	0.10723450435218192	0.11532591331159903	0.11629494603402983	0.10859718590299144
AGPAT3	0.11095638766246184	0.10227437859191801	0.10001465545431555	0.11459060812812535	0.11682864380734362	0.11508748217998098	0.10636861957101822	0.12128461351643806	0.11259461108839831
AGPAT5	0.11192535754514357	0.10257579033016562	0.11622397934765417	0.11912586079522583	0.1254791471290218	0.12131804155054983	0.09426798037564357	0.12647940135647237	0.08260444157012328
AGPS	0.08015759377115743	0.10841997859411176	0.11390014052145264	0.10552107925717129	0.12255249454250651	0.11416876129655551	0.11652816844725242	0.13618115777803888	0.10257062579175362
AGRN	0.090336847011987	0.10203217572311771	0.11240176941495439	0.20055530513043215	0.07381513320081479	0.10997074985451623	0.11633137834037169	0.060363947608669026	0.134192693715137
AGT	0.06669708833988648	0.0804073851805308	0.10785769521545503	0.1263526424688538	0.11524995398656077	0.1298841930702859	0.12396530283507189	0.13945874145588463	0.1101269974474706
AGXT	0.09250935655136482	0.10262561389025565	0.10635785568212756	0.15693264078305494	0.11018312203143177	0.09550059801287376	0.1209332784677422	0.09366790101174331	0.121289633569406
AGXT2	0.11872230307631208	0.1083454194612269	0.12031216552279132	0.13182006133024096	0.10575590194485505	0.09792433276379872	0.11615850205105147	0.1040493075460272	0.0969120063036963
AHCTF1	0.10399961406065047	0.09340371815566327	0.10657210178312172	0.11779677798270394	0.1173788188135519	0.12399730232196972	0.10267895842800313	0.09968226551534665	0.13449044293898924
AHCY	0.15354751282922247	0.11519029720351859	0.10976914532692114	0.10440880291258502	0.1036284623151653	0.10307443453906348	0.10454179496253588	0.10538726421232132	0.10045228569866672
AHCYL1	0.13081448072792676	0.12239437950504986	0.10911126783487761	0.11392573532902006	0.10627571893999287	0.10691926407619988	0.1058345161703409	0.10803114353237235	0.0966934938842197
AHNAK	0.11298233153344059	0.11815637950623772	0.10463162097062702	0.11368886951627798	0.11212962401682347	0.11376056185373806	0.10203010787152471	0.12917064673658035	0.09344985799475014
AHNAK2	0.10839832645549828	0.10354570495007945	0.11310404838002036	0.10922315291835395	0.09253097393024105	0.10597457246961384	0.13282941815525684	0.15302168632320662	0.08137211641772958
AHR	0.10776084882673138	0.11500796369982538	0.13366470954970888	0.11991684388527914	0.0929247487822395	0.10518039935252438	0.10732464516542484	0.098369667372661	0.11985017336560555
AHSA1	0.11647517770764401	0.12429269299698877	0.11054106482428588	0.09772069353638473	0.1128576231076054	0.10985009503711933	0.11059892733126278	0.11788429398153936	0.09977943147716971
AHSG	0.08445244687890571	0.0901610136866229	0.09857008340189703	0.12125775794420793	0.10267097776691167	0.11253857084169518	0.12185901263571063	0.14849009090654167	0.12000004593750734
AHSP	0.10941910062161854	0.11860104311122649	0.09298605187194914	0.07361423505781661	0.13499015270273404	0.12825320667347603	0.11609654503353348	0.13530686183658783	0.09073280309105781
AIDA	0.1131804369305582	0.11590722260685613	0.10596040467901098	0.10211972664716107	0.09968428894290754	0.11467126908622693	0.09899359056164148	0.1120889484899888	0.1373941120556489
AIF1	0.12539089981103957	0.1079271046793609	0.13471152770532668	0.10725352663300391	0.12007056949915408	0.08316369848142358	0.09891653062698648	0.11950226481174853	0.10306387775195623
AIFM1	0.09639778341019618	0.10115719846570616	0.1061675438113548	0.1522921190787904	0.0959172135324116	0.11025584263115597	0.11794536975989318	0.09259490672026205	0.12727202259022968
AIFM2	0.0710036429294009	0.10226984719613899	0.1108143393179941	0.11238102577502891	0.1202377668613054	0.12428795867370938	0.10898721055533052	0.13000350950881215	0.12001469918227972
AIG1	0.12268749309596694	0.13750628670334777	0.08035644473490511	0.1404343453494217	0.1509298077119682	0.10310629900697317	0.10449488678458739	0.09236541935158317	0.06811901726124661
AIMP1	0.1193308895593942	0.11915029214393727	0.1089219471574667	0.11528226344204916	0.10811471929175064	0.11063857278320477	0.102336643901216	0.11445166472541742	0.10177300699556391
AIMP2	0.1185085859647165	0.1117409550000411	0.11028956388148813	0.10640470106539095	0.10843407272185344	0.10749429051366928	0.09388613182459242	0.12209994733387165	0.12114175169437646
AIP	0.12412776487705518	0.10372151032912724	0.11475091110594593	0.1044856862642842	0.10903692662942054	0.12008410556019072	0.10331510865071818	0.10997598798695013	0.11050199859630778
AJUBA	0.1105221202856364	0.09810332502524861	0.10280506243425207	0.08721796163046988	0.12266457034451402	0.13747805923179146	0.10270442695240849	0.15586629187441803	0.0826381822212611
AK1	0.1290331465241822	0.12245594679543056	0.11592894399314008	0.1016016999286884	0.11381340351413194	0.11342807996330141	0.09763196215717644	0.11544534673871666	0.09066147038523237
AK2	0.08482961185091965	0.0946416740374953	0.10254958817110117	0.18013975141122282	0.09759282804954802	0.10944438761783318	0.1233663713077937	0.09974940875686955	0.10768637879721663
AK3	0.10588338371813028	0.10621584567285809	0.11579852818123948	0.16953406877267393	0.10026676155693628	0.1067629508726755	0.09811844296746353	0.1090441030657012	0.08837591519232173
AK4	0.10224796509562133	0.08753201549108978	0.11217385004919	0.17034289988495346	0.09833689779479057	0.09331619548226099	0.12333026275173102	0.0909679119674092	0.12175200148295359
AK6	0.12029394823390079	0.11418156807144252	0.10924387413024728	0.1328466244702957	0.11029249793602855	0.10690576885642167	0.09936883003675727	0.08802724532572116	0.11883964293918514
AKAP1	0.11125791306421923	0.10662845026996512	0.10366467350729545	0.09385116155400061	0.14202075241083806	0.10334400335246144	0.09505953453996152	0.15316705493798485	0.09100645636327376
