Genes	Bin_1	Bin_2	Bin_3	Bin_4	Bin_5	Bin_6	Bin_7	Bin_8	Bin_9	Bin_10	adj.P.Val
A1BG	0.04332515767640168	0.05285610624644516	0.06208606383178622	0.07916416294894896	0.10339761957931752	0.13008796706856723	0.10589541262138336	0.10917566480619727	0.11176925652195065	0.20224258869900202	2.2934109006563165e-18
A1CF	0.12323408735087589	0.11812850875801109	0.09774473585693684	0.10137108890176151	0.11308886804776079	0.07786077023712629	0.10999604472973169	0.09213101490631001	0.09334239478287544	0.0731024864286105	1.3136631943547732e-5
A2M	0.05741999085309338	0.06831761164597841	0.0814473474431748	0.08227770681358805	0.099678172064221	0.0974832462116795	0.10031261161112849	0.10440402589085108	0.13468524074504112	0.1739740467212441	2.1530587210657452e-11
A2ML1	0.04096796424468853	0.07318520831078738	0.020488067486493105	0.03595256928095423	0.027980360901361398	0.07099025766471602	0.017253950537698962	0.08357333500287717	0.13078879405836236	0.4988194925120609	0.13084988455874522
AAAS	0.09222697583152366	0.10173301419433933	0.08938298201227204	0.10056398789733782	0.11713623408809797	0.10252425932564568	0.1090804496888128	0.106963484191941	0.09537935005169908	0.08500926271833065	0.5200194581690742
AACS	0.07380403215921283	0.07947138953275228	0.07753890198001853	0.0760614674952052	0.2510493515807437	0.0788435333988391	0.07144065134030332	0.10451380966336578	0.07802590820487015	0.10925095464468909	0.09933044009699313
AADAC	0.08830924493256517	0.08969659452896513	0.0887726724440536	0.10885976624975374	0.09641086104814879	0.1085269198750615	0.12321879686776814	0.07217849956145572	0.11073354736861962	0.1132930971236085	0.2736915043772502
AADAT	0.13954597797964693	0.12810868801716413	0.13680429187280901	0.09810696199762152	0.08323970113200015	0.10961226606142375	0.09714417016042644	0.07990754438698695	0.06885549859698423	0.0586748997949369	4.431378225177309e-6
AAK1	0.08977478551576162	0.0808112575718156	0.09711015418110579	0.07305378202424509	0.14024311966149722	0.07485481255760225	0.08826050508851384	0.09316511360125754	0.1567190913956381	0.10600737840256289	0.9283984845675903
AAMDC	0.10764512236967005	0.13123186364074513	0.09728416674701683	0.1049297614599397	0.1186045869227673	0.10607985485669581	0.12727588545161314	0.08588032475802124	0.05958091904712825	0.061487514746402516	0.8797344912206477
AARS1	0.09223303342757216	0.09283942508411543	0.09139013031348596	0.1009260386127038	0.10186334978693007	0.10888082317503135	0.11174404093501356	0.11257223312669673	0.09436390875557493	0.09318701678287594	0.013586185338458777
AARS2	0.09825918881195529	0.10024888471584541	0.1040494030596522	0.10847212473298061	0.08482141073366327	0.10564445451251858	0.09233549970930859	0.10797311523029972	0.10107596229507947	0.09711995619869684	0.838003713036349
AARSD1	0.09911075787762766	0.10251292128162434	0.09613102772503895	0.10022123866560592	0.10895525736765713	0.10434530443090394	0.11325540003696873	0.09831278297263583	0.08505445137126934	0.09210085827066823	0.2805206634486083
AASDHPPT	0.1100507903067217	0.10018513147427875	0.1003784633371855	0.10051679507292055	0.0884105981637689	0.10087054749454488	0.09901829888799074	0.10318644863281247	0.11237567916000911	0.08500724746976741	0.6259718042111986
AASS	0.13496850874473051	0.1231774668220167	0.11599399669191081	0.09489686424085776	0.09038255989385226	0.09451139414692042	0.09880801440930523	0.09395948032272165	0.09939576879928659	0.053905945928398105	1.3528894274948922e-8
AATK	0.09815688342910969	0.1006353420736213	0.12092488418354268	0.09540365945216507	0.10202389609533065	0.07534909480117231	0.12083840401849576	0.08108178934090894	0.12994673848409735	0.07563930812155617	0.3655876889321841
ABAT	0.11208952383180044	0.11471941393166732	0.11754287237106009	0.10282097146793157	0.08182834325062864	0.10219101396772734	0.11246400493726123	0.10494525706637188	0.09515738294767524	0.0562412162278762	0.004124166676870501
ABCA1	0.07722452699936917	0.09715544268261331	0.10399975995567072	0.09980790019796194	0.11159380270043609	0.07817924115127932	0.09130983995027887	0.08854753833319641	0.1362707153936256	0.11591123263556856	0.5335225683203035
ABCA10	0.12450790740791624	0.09836849650346326	0.10240863862218848	0.09524217938867803	0.08540566210669567	0.09290502276873898	0.09021456255458654	0.10165529932589537	0.11724262002011318	0.09204961130172433	0.0076294306163193605
ABCA6	0.11269970129320851	0.096932653050169	0.10656234186319372	0.08555392949545133	0.1004586877321888	0.09113423912707273	0.09574251933889553	0.1094325192204545	0.11856273126283434	0.08292067761653149	6.372891777637828e-5
ABCA8	0.1002740485425163	0.1049169745124182	0.10935936589160779	0.09437219726294041	0.10579754660705443	0.09061099824923083	0.11104897348999342	0.09905927229533436	0.07926950398904863	0.1052911191598557	0.8239006442613644
ABCB1	0.10638502289572531	0.09896725529853527	0.10593233812280825	0.10555776250440461	0.09128282569315199	0.09955448419349486	0.086168953084782	0.11133927940030287	0.10421835828531492	0.09059372052147985	0.0037527181305697555
ABCB10	0.09915371723222374	0.10083990034877137	0.11734442955378131	0.12907981168212687	0.08077055231361187	0.09462183796085448	0.09291255383990893	0.12443389252291974	0.0782323709806595	0.08261093356514215	0.9427558228084052
ABCB11	0.13678594583638704	0.12873606709630014	0.11314207263753318	0.0887946360965109	0.08455945698096431	0.09232435810251839	0.10042714662359375	0.07833714231219874	0.0942592398139319	0.08263393450006165	1.6992186383043728e-7
ABCB4	0.12180937934227588	0.11743551537302377	0.10813437664492039	0.10544553087491584	0.09452214625315813	0.09881367652418743	0.08359689345016716	0.08878206431461608	0.0992403492468271	0.08222006797590818	2.5708903290236106e-5
ABCB6	0.13180988858557896	0.1002113147862547	0.10729985889863705	0.09909728154501446	0.10736847844589091	0.08050649664083219	0.09832637416275856	0.07859733944526866	0.0864216640031171	0.11036130348664747	4.411225799047213e-5
ABCB7	0.08855275056578606	0.09653494264661107	0.09607916612471509	0.09597025159546543	0.09913871997213194	0.09229441171308789	0.09907204792329535	0.13100792418065824	0.09392111693296022	0.10742866834528869	0.7758815269932335
ABCB8	0.09418207871535442	0.0881061371471164	0.09835306630578552	0.11698377821553566	0.09986536267443501	0.10262294927699994	0.10132541111099254	0.10431603270753126	0.10373317801181924	0.09051200583442999	0.764956881746825
ABCC2	0.12765743309127048	0.11424920433065948	0.0985492237261655	0.10520230901525132	0.07835504271003002	0.08084353643498009	0.10748580763386581	0.09512942037335329	0.10230017842005883	0.09022784426436523	1.3211701039047771e-6
ABCC3	0.08735282558569846	0.07529407243190271	0.10375873137325355	0.09563264011860759	0.09209199616325901	0.12664799478401567	0.08592610757387334	0.10307505255627503	0.12432030504271184	0.10590027437040278	0.3335700908866768
ABCC6	0.10910036526247666	0.10655012174586048	0.10245374382928081	0.11342973197342815	0.09843822803087005	0.09313864659674273	0.11414945088027358	0.09092422475240067	0.0811687484719644	0.09064673845670246	0.0099554173259192
ABCC9	0.01438229206401476	0.024416088567831347	0.06750104938077692	0.10343781906093842	0.12283039967539151	0.09932994614978255	0.19407250339631646	0.061167160140765994	0.1277874304589272	0.18507531110525477	2.090273077158252e-5
ABCD1	0.07309487001377038	0.08292823818912168	0.09685699540950857	0.08982923015101209	0.09933956073442748	0.10610519811574931	0.101587324791387	0.13051581530552928	0.11181477044039138	0.10792799684910286	9.162273555365437e-7
ABCD2	0.11875986077722561	0.15155146236696385	0.06599323372005904	0.12577208896477474	0.0978663725508742	0.10471442511798584	0.10996424479258046	0.10429326752851986	0.06531810601472575	0.05576693816629065	0.28867221505978846
ABCD3	0.07412608812299337	0.0835215486635022	0.09476745680791639	0.11617834049483916	0.10162287101999805	0.11418933741187504	0.11792642551945356	0.10049648036729869	0.0927065799180954	0.1044648716740282	4.666919560917088e-11
ABCD4	0.0826721163661199	0.10203964962783511	0.0937228976411748	0.09692258314250687	0.1009054579199927	0.11028086105497552	0.1082826883165107	0.09080667901063719	0.11241486150145712	0.10195220541879009	0.23038746852358966
ABCE1	0.09125875447446294	0.09286399156205166	0.0988594486863297	0.10514598097598386	0.09686897863250105	0.0997348525215018	0.09532886699524522	0.10107125211439442	0.1119091395091992	0.1069587345283302	0.10770414645598221
ABCF1	0.09688245479042745	0.09397053421371784	0.10204497643676623	0.09918938408685482	0.09549519660685718	0.09231604181205619	0.11333131671299765	0.09052518847647445	0.113930568111056	0.10231433875279217	0.17456463351192505
ABCF2	0.10697657036530292	0.09184334449917876	0.12403999259951239	0.09744420267041708	0.0712270859359155	0.0972485960110257	0.10557091514937572	0.10266580297163015	0.12342097182939019	0.07956251796825167	0.1656957931654889
ABCF3	0.10973431073991408	0.0950969635528806	0.10153249436509017	0.0883712308196143	0.1071266046955955	0.0868188735788553	0.08675605815159682	0.10257762663788597	0.08832663167683798	0.13365920578172935	0.28339668148024516
ABCG5	0.11857452280373207	0.0936913929181019	0.09186481136658561	0.10154483403165845	0.09199829751268376	0.09041588572374318	0.09552167403404334	0.08252568409355189	0.1770591859007942	0.05680371161510558	0.003219743519692177
ABCG8	0.11692071252450338	0.11196713260592792	0.10239110471655773	0.11675104420542509	0.12002246667428634	0.09475727804839573	0.10942021408180216	0.07841582478074095	0.08259096628834499	0.0667632560740157	0.8809366328942584
ABHD10	0.09825367729060479	0.0984688411607393	0.11157690197323174	0.10492348569619561	0.11456429246200737	0.10599395071665822	0.08843451287242872	0.11724743904493992	0.07926170346642167	0.08127519531677266	0.7614182812401693
ABHD11	0.10690283966114983	0.11268900733560065	0.11961778898990977	0.11104250489145885	0.05846358412272236	0.10214533630002463	0.09876557880915733	0.13247216847606436	0.097224097100995	0.060677094312917276	0.93004858222094
ABHD12	0.09175298900201022	0.07269480372261629	0.0807157906130265	0.12360898861375536	0.08977593507636801	0.11946727481695872	0.11223858331604096	0.11188918176827313	0.0895404974221839	0.108315955648767	0.2178014967533229
ABHD14B	0.09891858848077778	0.1160921742381581	0.10050791236363267	0.08831862633307384	0.09817401983075413	0.11967697339636126	0.12468387636824706	0.09832228639415959	0.09222213039758928	0.06308341219724634	0.9068643798762829
ABHD15	0.09218540977254389	0.10595388013752897	0.08114735959984994	0.08781867025452891	0.09225883145512714	0.1579011193832405	0.10530556395999759	0.09105170569271713	0.09723461102388356	0.08914284872058231	0.3572876908248927
ABHD16A	0.09351495338344708	0.09279018387830915	0.09318630706384104	0.10092152164772993	0.08782892504850941	0.09898804402759366	0.1058149146762763	0.12441343266659727	0.10140594777717248	0.10113576983052364	0.4138976021550763
ABHD3	0.0863783268417744	0.08803008698874004	0.09028289485164805	0.10336622088614687	0.08951719978013246	0.11212346669912533	0.09593287949012723	0.11173754500161028	0.12050270986534711	0.10212866959534823	0.13261020947477664
ABHD4	0.06438453738645518	0.10583024814278626	0.064844378842078	0.09297326756062088	0.06761536087060696	0.13122989961040818	0.0577513864371424	0.09248176754150854	0.1539459211032948	0.16894323250509874	0.23000483182126175
ABHD5	0.08371237966196333	0.09567042312789523	0.07727736324841905	0.08973252627660498	0.0826226039096839	0.09774149965244218	0.09495815254970244	0.1647790510911672	0.08630307812618311	0.12720292235593855	0.0012670176636940891
ABHD6	0.09435273663170994	0.08369553691240811	0.07952870390684309	0.10072835217323481	0.11857685781317415	0.09247535191475773	0.0885947788773518	0.07902175774902227	0.08304732068340759	0.17997860333809057	0.1653404936156769
ABI1	0.09460662244710663	0.09545959906108928	0.0851738178677098	0.11507830783475337	0.08243725571277133	0.11517509053229888	0.08669364265093354	0.0985919158064007	0.13043484730432964	0.09634890078260683	0.40344696143895825
ABITRAM	0.10035789767330894	0.09720468025158327	0.0952043273497502	0.10008490837189535	0.13202772977497035	0.0736912176757784	0.14706765443118816	0.08769903943338049	0.10770130909821514	0.05896123593992968	0.7411770333005274
ABLIM1	0.09613938443875952	0.08987480840407898	0.09051164576193464	0.09520181503923107	0.09023865449837468	0.11394293109453403	0.08589874574993288	0.0979494195037902	0.10927893771069827	0.13096365779866578	0.8471729871370721
ABLIM3	0.09749880599357715	0.0837848513630031	0.08561253753919797	0.10574737871796874	0.07745657409540856	0.0998914917130693	0.07189432785595953	0.16491981285914734	0.10810371459314425	0.10509050526952408	0.7796368424441429
ABRAXAS2	0.09516314901673768	0.08934700162185083	0.09818765992879218	0.10774978309614791	0.09331464729572561	0.10648434992422182	0.0923191897291661	0.08291660988916927	0.0994885978628963	0.1350290116352923	0.25603095403744924
ACAA1	0.07584242785071708	0.10156296525201021	0.10262910628646096	0.11192632061735298	0.08808786091995027	0.12433387013453955	0.12305842427877857	0.10039922213446086	0.07858193573176558	0.09357786679396393	2.3058612044588046e-8
ACAA2	0.11707057225819276	0.10528026613537422	0.11354601643667528	0.10072749575771198	0.09708059869486595	0.10057781177631428	0.10606757729854419	0.09123204533206598	0.0988417373073932	0.0695758790028622	5.15492308388831e-6
ACACA	0.11008414510981542	0.1026078414576352	0.10175904297662464	0.11396557723789154	0.1007491007678255	0.11031283112945779	0.10388681252576121	0.09180430927319107	0.08775221157159974	0.077078127950197875	0.032498528815511
ACACB	0.11169172902313235	0.10897245705116551	0.10391209346971475	0.09508551165932133	0.11551701574281767	0.10039516243508712	0.11715976396726385	0.09209893643213514	0.07689548765917181	0.07827184256019051	0.00847187683328082
ACAD10	0.09554911943285409	0.11354606382827022	0.10668513986135435	0.09109101114221813	0.08187377898691399	0.10404628858737486	0.10011969929542618	0.09017092359454791	0.1136108825484253	0.10330709272261504	0.4363458735949621
ACAD11	0.07033734870765353	0.07901604242183038	0.08859655599298585	0.11155900192475215	0.10341545420948106	0.12259236099104341	0.12209242052735929	0.10947622343070436	0.07816874781947773	0.11474584397471216	6.447142440151917e-10
ACAD8	0.0980489449399682	0.10417999878132927	0.0914119474657837	0.09063762690985648	0.09496030287375748	0.12262264867833034	0.09183267779859494	0.1048278472326603	0.09580234549205145	0.10567565982766783	0.35511917363426077
ACAD9	0.0937939383425395	0.09927423375088096	0.10610724994221302	0.09839218461773773	0.0794228322138914	0.10590350374667493	0.09962691424993238	0.11010722911913089	0.10854468221376168	0.09882723180323756	0.6261782574475697
ACADL	0.07855875240428746	0.09210959770626101	0.15408158283644655	0.07547514772765261	0.06769139429092316	0.11726750127049398	0.10680638688290872	0.15607313089617747	0.09402664920139601	0.05790985678345305	0.5068202159934152
ACADM	0.09766125801608724	0.10510271602898923	0.10382620312974876	0.1096104451486156	0.10064824478002518	0.09368840824876697	0.10575341568368979	0.10961559568728836	0.09189570545970474	0.08219800781708415	0.28631855851802546
ACADS	0.1161449990753845	0.11325626736083926	0.10463826867935275	0.10267566460960227	0.0951040174153467	0.09885446407353585	0.09959321670472526	0.10129391734141394	0.09281114363966252	0.07562804110013695	0.016751713733133843
ACADSB	0.12009561171895615	0.11477077083273302	0.12390016239370555	0.10225659219460059	0.09530642354466333	0.08074353481794302	0.11115278303592646	0.12176885240202882	0.08907755007448849	0.040927718984954516	3.303821589873618e-5
ACADVL	0.09272889125789502	0.08866394620528961	0.10852184495489907	0.10574649581484691	0.08384042499061418	0.10079938572707668	0.10552867817635869	0.10691882076263375	0.11717667251963002	0.09007483959075609	0.8461379084553251
ACAP2	0.09231893093033806	0.13509907475883653	0.0963190290120207	0.07497851951082145	0.05798835747583317	0.1025466205847903	0.0941533808345531	0.14685067060422227	0.09425969973940244	0.10548571654918198	0.839690488141199
ACAT1	0.11550996103578898	0.11906870573449257	0.1014258914615525	0.10961700253802145	0.09461993461344412	0.09976354126683572	0.08772288362615911	0.10364529134105595	0.08701081983636497	0.08161596854628472	0.00847187683328082
ACAT2	0.10514747366267958	0.11639750635173135	0.10982502228639632	0.10120608595663172	0.09337153286359179	0.08025552787423698	0.13675486392614805	0.08031656909436076	0.0759768308913977	0.10074858709282568	0.6229346075957976
ACBD3	0.1200452554017748	0.09873863084927548	0.10888397554986663	0.12723063822661926	0.088218718929065	0.09347212282914338	0.07717252823264575	0.10535793911178479	0.10661665633962272	0.07426353453020222	1.3531000281316442e-4
ACBD4	0.09383559037688301	0.10466158524695472	0.09327258491618992	0.07679507242685095	0.10987960402027284	0.09963372210677507	0.10467402830632778	0.16811884353127157	0.07521862446343536	0.0739103446050387	0.6039918259219218
ACBD5	0.08548424213791765	0.10350796117781773	0.0895901810201425	0.12164138385656928	0.09845829288642237	0.0921497538119136	0.12007416910834649	0.0915761524148077	0.11085012054343964	0.08666774304262306	0.07190612599029715
ACIN1	0.13081950486189628	0.11403507135460565	0.11176246921717817	0.11261596147914422	0.0872164956984181	0.08097246370717144	0.0951701367445119	0.1016087534615745	0.09712343259430518	0.0686757108811945	0.005286946725828567
ACLY	0.0916211138661165	0.08997123479390223	0.09009475925792966	0.11816535578359216	0.13881168721264217	0.07538787779056882	0.09816874048131881	0.10725611652060313	0.07951974729483341	0.11100336699849303	0.2062800269685263
ACMSD	0.10711495569291278	0.09111849918017263	0.08481470722181514	0.10036660341113403	0.08340540986629758	0.10510941253809782	0.12202882794314829	0.11667422788409561	0.07229696271370004	0.11707039354862621	0.04131070228562618
ACO1	0.10374709439918813	0.10015268145402732	0.09754684827962087	0.09541638699552565	0.10038133262722498	0.10178118536567486	0.11878280951949552	0.10162144354053153	0.10045790751667308	0.08011231030203805	0.6317459123016052
ACO2	0.08939731558756012	0.08171232448555692	0.10975590559456352	0.10970213241793139	0.09452297648240258	0.1049845179081087	0.092222162672312	0.13783681046643123	0.11013355046445399	0.06973230392067958	0.6912492036018997
ACOT1	0.09803771223457045	0.12214714355946259	0.08590789642555409	0.13323719209991924	0.08968190470216214	0.1014453162634253	0.11852894843417112	0.11124895587225775	0.060486175839333495	0.07927875456914377	0.48647706156313003
ACOT12	0.08049038002750859	0.07686560617545354	0.07784876521837693	0.08542643068122213	0.12010721594303554	0.08385661336464305	0.15690911992906856	0.10096525076818162	0.10920930564469325	0.10832131224781681	0.001089461608732853
ACOT13	0.09075705432515878	0.1041504051814769	0.10096553557464703	0.11426529064572262	0.12526432405291937	0.10504422762956098	0.12318115682845765	0.08520812782210373	0.08542123303080597	0.06574264490914693	0.9207438147728875
ACOT4	0.07849345282357811	0.08836427935392979	0.06937775317120824	0.12028130644156987	0.08541428644046031	0.13667145803032552	0.15467901862846198	0.11693961164903832	0.05374056828770849	0.09603826517371929	4.0390881616949204e-4
ACOT7	0.09819600549434358	0.11550201684233034	0.0921998008100667	0.08747727271446987	0.11342126637995328	0.08527652440922397	0.09612232206115129	0.10696894450185634	0.10767064760606022	0.09716519918054434	0.2773701379278005
ACOT8	0.06191171715256072	0.0670179495842511	0.09275913916815566	0.10481554100351767	0.11922064956335328	0.13288368527279387	0.10925615895487853	0.10786366238762475	0.08318962182332676	0.12108187508953762	2.5439511237469148e-12
ACOT9	0.07350461784666551	0.08793101489766618	0.09278423271105579	0.09649143573768718	0.06149282049344818	0.12001796859097058	0.09580054750465954	0.15123858204003757	0.11528542987646855	0.10545335030134095	0.0016528094937502866
ACOX1	0.07963487196330539	0.0849860313278461	0.09312372248560576	0.11810242797318227	0.08117058699793912	0.10110891588593339	0.12313962731775134	0.11511100283636341	0.0937316209672096	0.10989119224486364	7.3769898068429896e-6
ACOX2	0.06618914074182822	0.07984991934223078	0.0915799230430008	0.11120035444057581	0.11656458095733312	0.1424906043523712	0.13348582891968397	0.10076921455342223	0.06417342937041047	0.09369700427914342	2.1290781172621e-9
ACOX3	0.05841328119806149	0.061370794117390035	0.09070223835951399	0.10824192633989776	0.1251904569635979	0.14778189993394514	0.09615065786323809	0.09915918136953433	0.08414388419039133	0.1288456796644299	7.269878511764254e-15
ACP1	0.11213119556989225	0.10428104296465689	0.10319509165070297	0.09594687483125754	0.09699488442995062	0.09705485238399371	0.10529517922162587	0.09894053309676402	0.09286919837345868	0.09329114747769751	0.40344696143895825
ACP2	0.11330522493183404	0.11333440737691784	0.10720434809735738	0.10524025437521572	0.08961705775624154	0.127269174875281	0.09887536780114901	0.07401912342166359	0.09023596656190136	0.08089907480243856	4.908265839134508e-4
ACP3	0.07972929558173662	0.056637390467794625	0.044581925865023714	0.06853506302550327	0.03867768756728435	0.09513543904698543	0.03631856042067518	0.17085395793418387	0.15240933925044375	0.25712134084036925	0.5787549105184462
ACP6	0.09765314359274956	0.10869032885353432	0.11288502560106775	0.08243646449357232	0.12236698994323272	0.07657698274282891	0.12114430214032304	0.07327073833453097	0.16774161817747368	0.03723440612068676	0.9783700853418099
ACP7	0.06889451469565681	0.07025247142197057	0.04579352944739202	0.11868094752381195	0.2168320838958324	0.09026888362302281	0.06636975796441102	0.06376878770431268	0.1301031129744681	0.1290359107491216	0.056630033422411526
ACSF2	0.1078312638518318	0.11036773220258189	0.12334826905654955	0.11122855192641735	0.07182166887693801	0.11628761394910592	0.11074300876138418	0.09249247047165292	0.08482904423572295	0.07105037666781543	0.5167317849080139
ACSF3	0.0909500489900961	0.09688006365494162	0.11063819605579611	0.08515041514861492	0.08741718730480814	0.10950343462735963	0.08303358561772103	0.12722885246942867	0.10130534061866299	0.1078928755125708	0.010525125525761727
ACSL1	0.10618913499718946	0.09984422633276901	0.11005246978940687	0.11140747346492581	0.09499690982624026	0.10771043879586382	0.09814598511700282	0.11040097874848455	0.08002471775849732	0.08122766516962006	0.008379109328315535
ACSL3	0.09451750577211973	0.0766065580196335	0.09443235639641527	0.09276394343376673	0.0897660430470804	0.09775833691937656	0.09366174995150132	0.1275632154693524	0.09885043732299949	0.1340798536677546	0.9179034143888861
ACSL4	0.04774843700916249	0.047298217441282646	0.08042714983094426	0.06389204956384263	0.05868910800785065	0.056620405632514074	0.045771494069172296	0.12279926460855685	0.12589474630055228	0.3508591275361218	0.6748406514208928
ACSL5	0.12551331707461497	0.12642651789717407	0.09410446282836409	0.10159182571300768	0.08525685529545828	0.10169936817154981	0.12128617192921425	0.10160646038253818	0.06735632668087048	0.07515869402720815	8.910762354719912e-4
ACSM1	0.08849543038862413	0.08345157114419037	0.14005664106369423	0.09179021285417617	0.12947822553043625	0.08287489628928357	0.08392200400833688	0.11303783110334907	0.09554036547212227	0.09135282214578706	0.9221621285064998
ACSM2A	0.10560770573893834	0.1075892358752303	0.12797378374397678	0.08337684722049088	0.08238355331333685	0.0837363652436765	0.13324899209504912	0.15112790758259992	0.07551175916614448	0.0494438500205568	0.8375314125394356
ACSM2B	0.08437636025556902	0.08203123967993124	0.11575569487928819	0.10028746335775218	0.102104790615829	0.11256567644880126	0.11225999050748241	0.10176963479542893	0.09609160003641352	0.09275754942350427	0.59816269828946
ACSM3	0.12418062797510981	0.1271596427970676	0.11674382644303148	0.09243646552322805	0.09965851627137579	0.09079730383581522	0.12381057066691764	0.07744733467095466	0.07134248988290792	0.07642322193359187	5.814379244489218e-6
ACSM5	0.0997277664801569	0.11205681289156434	0.10794712376678321	0.08071300914939998	0.10906912860191018	0.168507490497409	0.10061545682112219	0.05607285621394141	0.10819320895273553	0.05709714662497728	0.3405649821704286
ACSS2	0.11090714239119569	0.11534654671441287	0.10938596373991336	0.1105202490912648	0.10477679131825011	0.0979510170560766	0.09615089150473315	0.06352223481775598	0.09494843510040815	0.09649072826598933	0.007787821641201094
ACSS3	0.11390916766595621	0.1259814325513771	0.09962422157552511	0.12462866926641473	0.0908947950879096	0.08926018847589606	0.08465412562770049	0.1053204960747357	0.07821762492205567	0.0875092787524294	0.06807573328247347
ACTA2	0.1041387607335708	0.09993870096222567	0.10265940434807798	0.09724389114082818	0.07760966043341651	0.10044803835586052	0.09592002510362425	0.1415669506995247	0.07883830857061679	0.10163625965225465	0.4575311951047972
ACTB;ACTG1	0.09723636084884735	0.09418284167251492	0.10272256580694449	0.09555283395399924	0.07751237036977987	0.10425606001157592	0.09109939156820977	0.12171032738611584	0.1092275354944394	0.10649971288757326	0.5170049101192079
ACTG2	0.10102132078451857	0.12508709349115754	0.09871192440024062	0.09249457762493635	0.09068916625732681	0.06838923675174505	0.1077393609551477	0.10910539518967871	0.13203361772502853	0.07472830682022015	0.47692024533765853
ACTL6A	0.10374809149759406	0.1447904882161936	0.09649050903540135	0.08420182241210405	0.08388108868739404	0.11050406011425007	0.08671293944642876	0.11763390732255148	0.10875963521218876	0.0632774580558939	0.6308664960694577
ACTN1	0.09476196308564158	0.09164248465285331	0.09336687617901417	0.08984893412237115	0.09063642136204114	0.09326453178795066	0.08215675971801754	0.11337591861735835	0.11801899719514715	0.13292711327960496	0.8764398754146844
ACTN3	0.07229538178699674	0.08429831935196086	0.06758896257976009	0.09720747915235947	0.13759533355585138	0.09928547589083003	0.05994413736095253	0.06339274334926552	0.11576387014138789	0.20262829683063543	0.8423970372902617
ACTN4	0.10649410845684999	0.11138201480552198	0.09675550586313894	0.09578364585161799	0.09014476764376796	0.10086380259003673	0.09499150635900273	0.11149768403086725	0.10298489687008641	0.08910206752911011	0.04624958884429269
ACTR10	0.1103619765270734	0.09864150165834656	0.10005443832820866	0.08315902297402876	0.05548445530225286	0.1143348310530374	0.0877697931588947	0.06090165713096402	0.07258867697661948	0.2167036468905741	0.9696343490027785
ACTR1A	0.11311253546386889	0.10928301875560001	0.1039763353947351	0.08309894782965195	0.06918542728693435	0.11931368966579695	0.0957802519683205	0.09962559329927743	0.11242132209078162	0.09420287824503318	0.00857526555104544
ACTR1B	0.10001404613801951	0.09440058050188102	0.10421344097929215	0.0951059176576682	0.10548567840339118	0.10718663185213663	0.0955904449060495	0.1170347715025562	0.08407381760869874	0.09689467045030685	0.9012096905720278
ACTR2	0.09851055567166848	0.09526827091096748	0.09716997203733134	0.09177745335748728	0.09139494962694537	0.0977283943447495	0.10292073486075737	0.12749442087567237	0.10335528463931441	0.09437996367510641	0.9068643798762829
ACTR3	0.10158364595174636	0.09989115257917186	0.09846738445987403	0.0990811774577904	0.08279639599075217	0.09089518496076027	0.1140245821574455	0.10219293839008849	0.10254722033358288	0.108520317718788	0.7796368424441429
ACY1	0.09847336971000203	0.09262915629972014	0.09420866703874507	0.09059459223343161	0.10106903469198161	0.11032623355739174	0.1304341982906308	0.09930254801013859	0.10056580596092152	0.08239639420703693	0.6416072103084888
ACY3	0.09584738668508233	0.12037131871174195	0.08693793918555168	0.09014609314960445	0.07420449331723829	0.10039955823783034	0.14986064112229305	0.12727432548082668	0.06327757504712302	0.0916806690627082	0.7902623809827857
ACYP2	0.10977781538845306	0.08715502110915693	0.09854335816756053	0.10313682434647309	0.11397458563967273	0.10604423686810921	0.09501526146137614	0.08838351096047743	0.11628975433840531	0.08167963172031563	0.1482235424882842
ADA	0.09126578653678717	0.06666467634488642	0.09306913978757228	0.07762802512537921	0.09176347280165635	0.10811888406297807	0.0815359553204631	0.14161187770582578	0.09989148827529623	0.14845069403915545	0.3345668173387654
ADA2	0.08656097379099373	0.07901164390557892	0.0862578475230829	0.07095776478807692	0.08777174093220579	0.0968321364753787	0.05608678223505357	0.06217768225685794	0.1636680632622151	0.21067536483055638	0.6352895043452063
ADAM10	0.0834551972325063	0.07406014644760638	0.08145310378889782	0.10038816134050216	0.0890475775421526	0.10063790962704373	0.08992753274723721	0.12080390038991985	0.10195560556286871	0.1582708653212653	0.21945790605597867
ADAM17	0.09630245587699475	0.09064002416757135	0.080174017341805	0.08181176943568268	0.13183870189710997	0.06982476338012993	0.08589340733462512	0.09215091944095936	0.14372168674699579	0.12764225437812612	0.7261797909192257
ADAMTSL4	0.08243336323049046	0.10339970865861284	0.0960169602996717	0.11677736376589753	0.04981892462536459	0.10349056683233557	0.08017679654628257	0.16020812433417403	0.11101643700557795	0.0966617547015928	0.8486883307097363
ADAR	0.11336737766442741	0.11714544310119161	0.10516767077494207	0.09735788796715851	0.10201378780366441	0.08630195318607597	0.08583817235201027	0.11401571720466867	0.11824012759267591	0.060551862353185146	0.63352956150596
ADCK5	0.08805996751523347	0.087331088883239	0.11092526537137717	0.12226450015070528	0.13672543001900792	0.09048068291070253	0.09805430242589075	0.08138931131721269	0.09468840401890478	0.09008104738772629	0.5365078073734426
ADD1	0.11277550370916868	0.11119656978800581	0.09464310128072431	0.09646661922692375	0.07529381879180623	0.12761366685270895	0.09102907505338333	0.08625952075336217	0.10172081257995823	0.1030013119639585	0.7362879403292916
ADD3	0.09639771453623608	0.10887878609944032	0.10407915753524899	0.08898326944824375	0.08150133148872701	0.11486045840258699	0.09426970014527325	0.09770541644190421	0.09096371150697216	0.12236045439536729	0.9833004783694941
ADGB	0.12339189458573684	0.1072755452640113	0.08952754487658855	0.10878374470960511	0.055376954536632925	0.09809021884273537	0.06575108888205485	0.1274787791010842	0.1073499109849229	0.11697431821662803	0.5492296285927188
ADH1A	0.12544631602565431	0.123018757868668	0.08607932925975847	0.09302227719743868	0.08016451035556914	0.09625405459988202	0.12969928701317304	0.09273826526073048	0.06482600668449592	0.10875119573462992	1.9497627749286245e-4
ADH1B	0.1257043059934747	0.1379811205035824	0.0930109843327571	0.09765558707683583	0.091520304364225	0.10130015269514794	0.12802135468142606	0.07087889311094984	0.0580748678621983	0.09585242937940269	0.004777646073190268
ADH1C	0.1059914589935018	0.11101591777435463	0.10069805580339126	0.10145961128969495	0.06521910160450693	0.12338490771753806	0.13955669922193245	0.07683756430932696	0.08752079621929092	0.08831588706646207	0.10684349410177243
ADH4	0.1343438164119589	0.1537993054663137	0.07349572483203828	0.12110340881102329	0.1456973396672411	0.06262433525877563	0.11840609466725595	0.07292654885977479	0.04507807256102935	0.07252535346458891	6.782643847523767e-8
ADH5	0.09090408514922917	0.11189879265382774	0.09690959915498605	0.08731819863105887	0.11128915998756408	0.07617570655718262	0.13290421286199414	0.0975734778777047	0.1031916975568817	0.09183506956957094	0.661741417832894
ADH6	0.13011207682049894	0.14568785808712623	0.09784474444770466	0.08061012997720078	0.10801954362706037	0.08590006913099982	0.13433721940400484	0.07341800104996277	0.06045213687720281	0.08361822057823878	2.5076485823441992e-6
ADH7	0.12337291871049473	0.1344560552824829	0.1083888403376046	0.08767788758347074	0.08165363959388604	0.11341784248838852	0.12910689441723522	0.06337727501088784	0.05575224324395833	0.10279640333159115	0.5541688295091903
ADHFE1	0.11587287566221513	0.118932272312592	0.1143303598685702	0.09666240601532783	0.061277613103524024	0.14271311963416006	0.09214101984245719	0.12846870080235584	0.08119471232524873	0.04840692043354898	0.08687626801105494
ADI1	0.11225127234573022	0.10534442435762298	0.10428316910188258	0.07911807680869606	0.09170146570431593	0.08262088554497586	0.12740335534792122	0.12998011235512621	0.10560303817077861	0.061694200262950374	0.32180891596525907
ADIRF	0.08996373791971753	0.07215142383033704	0.1014153790133145	0.08147582051068711	0.11184328776147866	0.13056626515986752	0.05221900418210819	0.09443108469684976	0.16871710216370756	0.09721689476193209	0.3738679746797095
ADK	0.10575689244873747	0.10656632837815022	0.09664019069554954	0.08878194917251436	0.1036666200128455	0.07930574282253261	0.11466493526837168	0.12613878923608268	0.10301932068402363	0.07545923128119233	0.6933648010419854
ADPGK	0.09654541834085532	0.10040361969227415	0.09119405564611294	0.09556157983659883	0.09435663803576343	0.12168202686484489	0.10505341595406943	0.10066558817909678	0.08694253463419764	0.10759512281618658	0.77211544838221835
ADPRS	0.09834186455394939	0.09200628133860213	0.08567975505739273	0.10415290562922869	0.11687074645247078	0.07163645954246813	0.09471349073029563	0.12660496217009778	0.11164414859221633	0.09834938593327845	0.8034734476766283
ADRM1	0.09930667469555872	0.10541744159839232	0.08081283927575787	0.11678039949462268	0.11660680630640347	0.12543238580807992	0.1255650034611228	0.07212310305343766	0.08408044426536845	0.0738749020412561	0.7796368424441429
ADSL	0.11492478939246287	0.10955930484269369	0.09546620744621483	0.10728903080577878	0.0897083911914951	0.08985608594662073	0.10832258453355267	0.08939355700546399	0.09929943051807837	0.09618061831763895	0.2691994077233616
ADSS1	0.11876810388000811	0.0892189507047944	0.11100961447246908	0.08033170602076523	0.07151418014726803	0.07036033358425317	0.07310517275982965	0.10638348086550453	0.1858021669488595	0.09350629061624822	3.2487587949703745e-4
ADSS2	0.09515139872982699	0.08540452491969629	0.08756877126789138	0.0980301747007328	0.10098944236293725	0.11730714733257928	0.09723265208699337	0.11686475132783189	0.10667702957390073	0.09477410769761001	0.2827379525396709
AEBP1	0.06601720914069707	0.06539539508325787	0.10880094364277725	0.0656328343210035	0.038053679564471	0.15187969318239658	0.09319153389391593	0.19399565985725467	0.11877605487081096	0.09825699644341518	0.0368653078044345
AFDN	0.12004940492997652	0.10678275497515297	0.10938938820081476	0.10338244498550975	0.07170021472601955	0.10105807860667367	0.09172821013430454	0.10366511190577561	0.10091081442834847	0.09133357710742424	4.5521534763069525e-4
AFG1L	0.08944319701973706	0.07494448610864136	0.09899239139848581	0.08220032471805043	0.10332104644834296	0.10560321465451906	0.08843906103896744	0.14386881331956886	0.10941193764813023	0.10377552764555681	0.11663950237121501
AFG3L2	0.08729308673526638	0.09116850472345053	0.11148627503479121	0.10180269401528595	0.09545050538632142	0.09847568519181482	0.10633588810988111	0.11450870121362564	0.0996229586097372	0.09385570097982572	0.18069628451382844
AFM	0.05685494639471443	0.06210203702079389	0.06503139265791776	0.05947444718133547	0.11396220752842193	0.06822746095759062	0.08177549121405607	0.07841627279571012	0.10050081405343178	0.313654930196028	0.020346635828800298
AFMID	0.11195285221625746	0.12690586039302007	0.07666715333593231	0.11162462186445547	0.10044049911408326	0.07617527562790632	0.13137824154845293	0.08335211209189888	0.08382677766757582	0.09767660614041743	0.8546868340480444
AGA	0.0630960394817524	0.07257552980456189	0.03997819269250687	0.06325588275672063	0.24448361149798012	0.045663495313813716	0.04898758978992331	0.12090538092733125	0.13371666466918927	0.1673376130662206	0.27216548058956025
AGBL2	0.027743001979150618	0.04161116914576539	0.06536024253803509	0.06260289465171338	0.29596299860068204	0.1601356933198076	0.04613124040874511	0.08761823256263779	0.08522223018122387	0.12761229661223925	0.11280743104856357
AGFG1	0.09779943707242351	0.08848238185278119	0.09415845658185468	0.1048284114671002	0.10015246222074249	0.09542883415744652	0.09017216898686409	0.10562008363915974	0.10341946782498541	0.11993829619664219	0.7271762431739346
AGFG2	0.10621703010606379	0.10371555980940435	0.10452280011030597	0.0792251860474623	0.10207495587603552	0.10397413687706678	0.09459000492449135	0.08971934353950392	0.09475040897252521	0.12121057373714085	0.7362517803673264
AGK	0.08465584259320252	0.08252412696702435	0.09130970140630673	0.09815484203417182	0.09143754693216716	0.09221845524006304	0.08763580981037898	0.17136038163939493	0.07796461516454475	0.12273867821274577	0.8325077475243369
AGL	0.0928238323538159	0.09742668292503322	0.10924457082568383	0.09178605232147354	0.10332260953327217	0.1105561324843918	0.10203166278067892	0.09039766371229989	0.11399316920405116	0.08841762385929965	0.6103037514657903
AGMAT	0.10417944748275108	0.12177066700579957	0.10765140449786628	0.1039171696503208	0.08488673501709111	0.11062251577034664	0.09200660168369489	0.10763855333043319	0.09929299773286845	0.06803390782882797	0.8924819004262916
AGMO	0.09371391042556279	0.09749000467334172	0.07863413307565088	0.10926973431098454	0.1136684058639536	0.11034676841535285	0.09617232593423503	0.10234140199554195	0.09207630694577751	0.10628700835959916	0.9541998189760459
AGO1	0.10274878256024955	0.08325500603418409	0.07944356245671974	0.08894386204588396	0.11903058086513688	0.09848813777903723	0.09597829778129399	0.09596918670056728	0.11396838711381593	0.12217419666311134	0.3548816683879627
AGO2	0.08786699869601329	0.07758602556613804	0.10442297060724827	0.1072373146541302	0.16644303451318726	0.0952915554269916	0.06774803278101363	0.08363668978758174	0.09523705827842446	0.11453031968927146	0.8836037820963106
AGPAT1	0.08182285933022776	0.09491877916795595	0.0988603442885844	0.10758671816547744	0.07799656262314758	0.11342574564015062	0.09820724273621988	0.09096097960033343	0.13223003813898404	0.10399073030891895	0.18489763178627833
AGPAT2	0.11293797230250811	0.10582890779977522	0.12154309032336816	0.08849168361284988	0.08830529341260628	0.0812193361107717	0.0956677885909469	0.0901895217185595	0.13705738936678705	0.07875901676182723	0.16846041717872917
AGPAT3	0.09191405777488167	0.1034583206191378	0.09514802604034539	0.090575457081828	0.10417344064092549	0.10380844619982221	0.1002430170525448	0.10778752406139072	0.09995421795469706	0.10293749257442682	0.9713944746842207
AGPAT5	0.11002297500063524	0.09407373187216034	0.09330877552478972	0.10408079016378277	0.10281335533839157	0.10026605867051586	0.09092242109734822	0.09399515061744983	0.10855912433309553	0.10195761738183097	0.03673675862431611
AGPS	0.06955932629533268	0.0813712407647412	0.09003947458848577	0.09839802634106341	0.08887923547423582	0.13775514967028502	0.097331412514929	0.10919778699826879	0.1072127843541598	0.12025556299849853	2.2758679673233173e-12
AGRN	0.08360823615467379	0.07424292586451067	0.09380637372856697	0.09501248307281204	0.06762204486212925	0.09738188548482479	0.07336225431104083	0.13233394857095998	0.15609861166714092	0.12653123628334068	0.5194347073324324
AGT	0.03808925536855631	0.05165320669553103	0.06713286932023874	0.0849842249521456	0.1304017785495395	0.0974857905601298	0.116311613614981	0.09931259292499928	0.11752452240600779	0.19710414560787104	6.062600161912603e-19
AGXT	0.07104742660592055	0.07803015399390903	0.10166036203650904	0.09271452745205132	0.10279598899068189	0.12311703772018155	0.13448694991459184	0.10769703851203605	0.08405590315027076	0.10439461162384804	2.946218488149191e-8
AGXT2	0.10090819142061339	0.09328540577721438	0.10097320632249106	0.0865895893998945	0.10550992073765937	0.12122680830210415	0.10918859924285482	0.09466162004828432	0.11417786456032765	0.0734787941885564	0.19937626402478892
AHCTF1	0.10880043680792797	0.09650993073730334	0.10387463322265969	0.09505890054252415	0.12491356237235604	0.07981438202516239	0.12753272884687164	0.07316591782626744	0.1200941280336944	0.07023537958523296	0.7796368424441429
